#pragma once

#include "../fidelity.h"

namespace quartz {

    std::shared_ptr<FidelityGraph> IBM_Q65_Hummingbird_Ithaca() {
        auto fidelity_graph = std::make_shared<FidelityGraph>(65);
        fidelity_graph->insert_cx_error_rate(0, 10, 0.006827011666134364);
        fidelity_graph->insert_cx_error_rate(0, 1, 0.00634065257855651);
        fidelity_graph->insert_cx_error_rate(1, 2, 0.005983575205644798);
        fidelity_graph->insert_cx_error_rate(1, 0, 0.00634065257855651);
        fidelity_graph->insert_cx_error_rate(2, 3, 0.008005268416915262);
        fidelity_graph->insert_cx_error_rate(2, 1, 0.005983575205644798);
        fidelity_graph->insert_cx_error_rate(3, 4, 0.008529638043749566);
        fidelity_graph->insert_cx_error_rate(3, 2, 0.008005268416915262);
        fidelity_graph->insert_cx_error_rate(4, 3, 0.008529638043749566);
        fidelity_graph->insert_cx_error_rate(4, 5, 0.010597401603545303);
        fidelity_graph->insert_cx_error_rate(4, 11, 0.007758663913264491);
        fidelity_graph->insert_cx_error_rate(5, 6, 0.01106084766461049);
        fidelity_graph->insert_cx_error_rate(5, 4, 0.010597401603545303);
        fidelity_graph->insert_cx_error_rate(6, 7, 0.019118918868904156);
        fidelity_graph->insert_cx_error_rate(6, 5, 0.01106084766461049);
        fidelity_graph->insert_cx_error_rate(7, 8, 0.006933123813207348);
        fidelity_graph->insert_cx_error_rate(7, 6, 0.019118918868904156);
        fidelity_graph->insert_cx_error_rate(8, 12, 0.004233533761173663);
        fidelity_graph->insert_cx_error_rate(8, 7, 0.006933123813207348);
        fidelity_graph->insert_cx_error_rate(8, 9, 0.004671156462632914);
        fidelity_graph->insert_cx_error_rate(9, 8, 0.004671156462632914);
        fidelity_graph->insert_cx_error_rate(10, 0, 0.006827011666134364);
        fidelity_graph->insert_cx_error_rate(10, 13, 0.00667274638864665);
        fidelity_graph->insert_cx_error_rate(11, 17, 0.00785212323712467);
        fidelity_graph->insert_cx_error_rate(11, 4, 0.007758663913264491);
        fidelity_graph->insert_cx_error_rate(12, 8, 0.004233533761173663);
        fidelity_graph->insert_cx_error_rate(12, 21, 0.0044217686225790365);
        fidelity_graph->insert_cx_error_rate(13, 10, 0.00667274638864665);
        fidelity_graph->insert_cx_error_rate(13, 14, 0.006174280281527);
        fidelity_graph->insert_cx_error_rate(14, 13, 0.006174280281527);
        fidelity_graph->insert_cx_error_rate(14, 15, 0.010999448729931166);
        fidelity_graph->insert_cx_error_rate(15, 24, 0.004841591417015595);
        fidelity_graph->insert_cx_error_rate(15, 16, 0.008655615952963686);
        fidelity_graph->insert_cx_error_rate(15, 14, 0.010999448729931166);
        fidelity_graph->insert_cx_error_rate(16, 15, 0.008655615952963686);
        fidelity_graph->insert_cx_error_rate(16, 17, 0.006962713667650111);
        fidelity_graph->insert_cx_error_rate(17, 18, 0.0073020857625357705);
        fidelity_graph->insert_cx_error_rate(17, 11, 0.00785212323712467);
        fidelity_graph->insert_cx_error_rate(17, 16, 0.006962713667650111);
        fidelity_graph->insert_cx_error_rate(18, 17, 0.0073020857625357705);
        fidelity_graph->insert_cx_error_rate(18, 19, 0.004820754563032992);
        fidelity_graph->insert_cx_error_rate(19, 25, 0.004109475171141824);
        fidelity_graph->insert_cx_error_rate(19, 20, 0.005159684292662919);
        fidelity_graph->insert_cx_error_rate(19, 18, 0.004820754563032992);
        fidelity_graph->insert_cx_error_rate(20, 21, 0.009719066714362234);
        fidelity_graph->insert_cx_error_rate(20, 19, 0.005159684292662919);
        fidelity_graph->insert_cx_error_rate(21, 12, 0.0044217686225790365);
        fidelity_graph->insert_cx_error_rate(21, 20, 0.009719066714362234);
        fidelity_graph->insert_cx_error_rate(21, 22, 0.017668361736337068);
        fidelity_graph->insert_cx_error_rate(22, 23, 0.007022719512606829);
        fidelity_graph->insert_cx_error_rate(22, 21, 0.017668361736337068);
        fidelity_graph->insert_cx_error_rate(23, 26, 0.011788819137259987);
        fidelity_graph->insert_cx_error_rate(23, 22, 0.007022719512606829);
        fidelity_graph->insert_cx_error_rate(24, 15, 0.004841591417015595);
        fidelity_graph->insert_cx_error_rate(24, 29, 0.005547849693115087);
        fidelity_graph->insert_cx_error_rate(25, 19, 0.004109475171141824);
        fidelity_graph->insert_cx_error_rate(25, 33, 0.005155653533489041);
        fidelity_graph->insert_cx_error_rate(26, 37, 0.007262816028121455);
        fidelity_graph->insert_cx_error_rate(26, 23, 0.011788819137259987);
        fidelity_graph->insert_cx_error_rate(27, 38, 0.005977922861112872);
        fidelity_graph->insert_cx_error_rate(27, 28, 0.004683971861998593);
        fidelity_graph->insert_cx_error_rate(28, 29, 0.005092636755797547);
        fidelity_graph->insert_cx_error_rate(28, 27, 0.004683971861998593);
        fidelity_graph->insert_cx_error_rate(29, 30, 0.008592230664992317);
        fidelity_graph->insert_cx_error_rate(29, 28, 0.005092636755797547);
        fidelity_graph->insert_cx_error_rate(29, 24, 0.005547849693115087);
        fidelity_graph->insert_cx_error_rate(30, 31, 0.007764068911624095);
        fidelity_graph->insert_cx_error_rate(30, 29, 0.008592230664992317);
        fidelity_graph->insert_cx_error_rate(31, 39, 0.008464334543260454);
        fidelity_graph->insert_cx_error_rate(31, 30, 0.007764068911624095);
        fidelity_graph->insert_cx_error_rate(31, 32, 0.007109120269800678);
        fidelity_graph->insert_cx_error_rate(32, 33, 0.044036479794385686);
        fidelity_graph->insert_cx_error_rate(32, 31, 0.007109120269800678);
        fidelity_graph->insert_cx_error_rate(33, 34, 0.005370366730294035);
        fidelity_graph->insert_cx_error_rate(33, 32, 0.044036479794385686);
        fidelity_graph->insert_cx_error_rate(33, 25, 0.005155653533489041);
        fidelity_graph->insert_cx_error_rate(34, 33, 0.005370366730294035);
        fidelity_graph->insert_cx_error_rate(34, 35, 0.010885888842296493);
        fidelity_graph->insert_cx_error_rate(35, 40, 0.005265344911066727);
        fidelity_graph->insert_cx_error_rate(35, 34, 0.010885888842296493);
        fidelity_graph->insert_cx_error_rate(35, 36, 0.03350705695207021);
        fidelity_graph->insert_cx_error_rate(36, 37, 0.008962548178681112);
        fidelity_graph->insert_cx_error_rate(36, 35, 0.03350705695207021);
        fidelity_graph->insert_cx_error_rate(37, 36, 0.008962548178681112);
        fidelity_graph->insert_cx_error_rate(37, 26, 0.007262816028121455);
        fidelity_graph->insert_cx_error_rate(38, 27, 0.005977922861112872);
        fidelity_graph->insert_cx_error_rate(38, 41, 0.00820458283994066);
        fidelity_graph->insert_cx_error_rate(39, 31, 0.008464334543260454);
        fidelity_graph->insert_cx_error_rate(39, 45, 0.006831017609813417);
        fidelity_graph->insert_cx_error_rate(40, 35, 0.005265344911066727);
        fidelity_graph->insert_cx_error_rate(40, 49, 0.007485907742566966);
        fidelity_graph->insert_cx_error_rate(41, 38, 0.00820458283994066);
        fidelity_graph->insert_cx_error_rate(41, 42, 0.013454086804960491);
        fidelity_graph->insert_cx_error_rate(42, 43, 0.02792651460447773);
        fidelity_graph->insert_cx_error_rate(42, 41, 0.013454086804960491);
        fidelity_graph->insert_cx_error_rate(43, 42, 0.02792651460447773);
        fidelity_graph->insert_cx_error_rate(43, 52, 0.01011560161030195);
        fidelity_graph->insert_cx_error_rate(43, 44, 0.011055278671153218);
        fidelity_graph->insert_cx_error_rate(44, 45, 0.004762874825219726);
        fidelity_graph->insert_cx_error_rate(44, 43, 0.011055278671153218);
        fidelity_graph->insert_cx_error_rate(45, 44, 0.004762874825219726);
        fidelity_graph->insert_cx_error_rate(45, 39, 0.006831017609813417);
        fidelity_graph->insert_cx_error_rate(45, 46, 0.0053677245481763);
        fidelity_graph->insert_cx_error_rate(46, 47, 0.03581904771088987);
        fidelity_graph->insert_cx_error_rate(46, 45, 0.0053677245481763);
        fidelity_graph->insert_cx_error_rate(47, 53, 0.00915329721116695);
        fidelity_graph->insert_cx_error_rate(47, 46, 0.03581904771088987);
        fidelity_graph->insert_cx_error_rate(47, 48, 0.0072852830464153195);
        fidelity_graph->insert_cx_error_rate(48, 49, 0.005928258583449392);
        fidelity_graph->insert_cx_error_rate(48, 47, 0.0072852830464153195);
        fidelity_graph->insert_cx_error_rate(49, 48, 0.005928258583449392);
        fidelity_graph->insert_cx_error_rate(49, 40, 0.007485907742566966);
        fidelity_graph->insert_cx_error_rate(49, 50, 0.005644116520272496);
        fidelity_graph->insert_cx_error_rate(50, 51, 0.008099148922927568);
        fidelity_graph->insert_cx_error_rate(50, 49, 0.005644116520272496);
        fidelity_graph->insert_cx_error_rate(51, 50, 0.008099148922927568);
        fidelity_graph->insert_cx_error_rate(51, 54, 0.005581670869980293);
        fidelity_graph->insert_cx_error_rate(52, 43, 0.01011560161030195);
        fidelity_graph->insert_cx_error_rate(52, 56, 0.016768170581233616);
        fidelity_graph->insert_cx_error_rate(53, 47, 0.00915329721116695);
        fidelity_graph->insert_cx_error_rate(53, 60, 0.007124456663873041);
        fidelity_graph->insert_cx_error_rate(54, 64, 0.0070859471286519315);
        fidelity_graph->insert_cx_error_rate(54, 51, 0.005581670869980293);
        fidelity_graph->insert_cx_error_rate(55, 56, 0.007768676086009119);
        fidelity_graph->insert_cx_error_rate(56, 57, 0.013383296834301783);
        fidelity_graph->insert_cx_error_rate(56, 55, 0.007768676086009119);
        fidelity_graph->insert_cx_error_rate(56, 52, 0.016768170581233616);
        fidelity_graph->insert_cx_error_rate(57, 56, 0.013383296834301783);
        fidelity_graph->insert_cx_error_rate(57, 58, 0.019079328809514934);
        fidelity_graph->insert_cx_error_rate(58, 59, 0.01240699021919131);
        fidelity_graph->insert_cx_error_rate(58, 57, 0.019079328809514934);
        fidelity_graph->insert_cx_error_rate(59, 58, 0.01240699021919131);
        fidelity_graph->insert_cx_error_rate(59, 60, 0.00551977615765506);
        fidelity_graph->insert_cx_error_rate(60, 61, 0.005439552666674563);
        fidelity_graph->insert_cx_error_rate(60, 53, 0.007124456663873041);
        fidelity_graph->insert_cx_error_rate(60, 59, 0.00551977615765506);
        fidelity_graph->insert_cx_error_rate(61, 60, 0.005439552666674563);
        fidelity_graph->insert_cx_error_rate(61, 62, 0.0073624026415518296);
        fidelity_graph->insert_cx_error_rate(62, 63, 0.00718911557954513);
        fidelity_graph->insert_cx_error_rate(62, 61, 0.0073624026415518296);
        fidelity_graph->insert_cx_error_rate(63, 62, 0.00718911557954513);
        fidelity_graph->insert_cx_error_rate(63, 64, 0.009923242292968204);
        fidelity_graph->insert_cx_error_rate(64, 54, 0.0070859471286519315);
        fidelity_graph->insert_cx_error_rate(64, 63, 0.009923242292968204);
        return fidelity_graph;
    }


}