#pragma once

#include "../fidelity.h"

namespace quartz {

    std::shared_ptr<FidelityGraph> IBM_Q127_Eagle_Washington() {
        auto fidelity_graph = std::make_shared<FidelityGraph>(127);
        fidelity_graph->insert_cx_error_rate(0, 14, 0.00840417249973549);
        fidelity_graph->insert_cx_error_rate(0, 1, 0.018154783599682867);
        fidelity_graph->insert_cx_error_rate(1, 2, 0.0059756398714097825);
        fidelity_graph->insert_cx_error_rate(1, 0, 0.018154783599682867);
        fidelity_graph->insert_cx_error_rate(2, 3, 0.013653057604615881);
        fidelity_graph->insert_cx_error_rate(2, 1, 0.0059756398714097825);
        fidelity_graph->insert_cx_error_rate(3, 4, 0.021174865347271005);
        fidelity_graph->insert_cx_error_rate(3, 2, 0.013653057604615881);
        fidelity_graph->insert_cx_error_rate(4, 15, 0.012459723779644744);
        fidelity_graph->insert_cx_error_rate(4, 3, 0.021174865347271005);
        fidelity_graph->insert_cx_error_rate(4, 5, 0.014873710639670995);
        fidelity_graph->insert_cx_error_rate(5, 6, 0.006542902967270919);
        fidelity_graph->insert_cx_error_rate(5, 4, 0.014873710639670995);
        fidelity_graph->insert_cx_error_rate(6, 5, 0.006542902967270919);
        fidelity_graph->insert_cx_error_rate(6, 7, 0.009612323121071631);
        fidelity_graph->insert_cx_error_rate(7, 8, 0.0154671924777261);
        fidelity_graph->insert_cx_error_rate(7, 6, 0.009612323121071631);
        fidelity_graph->insert_cx_error_rate(8, 16, 0.03340973986214138);
        fidelity_graph->insert_cx_error_rate(8, 9, 0.01927287976); // add this edge, use avg value
        fidelity_graph->insert_cx_error_rate(8, 7, 0.0154671924777261);
        fidelity_graph->insert_cx_error_rate(9, 10, 0.06074733200842505);
        fidelity_graph->insert_cx_error_rate(9, 8, 0.01927287976); // add this edge, use avg value
        fidelity_graph->insert_cx_error_rate(10, 11, 0.054397635210668566);
        fidelity_graph->insert_cx_error_rate(10, 9, 0.06074733200842505);
        fidelity_graph->insert_cx_error_rate(11, 10, 0.054397635210668566);
        fidelity_graph->insert_cx_error_rate(11, 12, 0.05940808451205093);
        fidelity_graph->insert_cx_error_rate(12, 17, 0.028912613316130098);
        fidelity_graph->insert_cx_error_rate(12, 13, 0.015360107495991288);
        fidelity_graph->insert_cx_error_rate(12, 11, 0.05940808451205093);
        fidelity_graph->insert_cx_error_rate(13, 12, 0.015360107495991288);
        fidelity_graph->insert_cx_error_rate(14, 0, 0.00840417249973549);
        fidelity_graph->insert_cx_error_rate(14, 18, 0.0065567212982554635);
        fidelity_graph->insert_cx_error_rate(15, 22, 0.019138955087888793);
        fidelity_graph->insert_cx_error_rate(15, 4, 0.012459723779644744);
        fidelity_graph->insert_cx_error_rate(16, 8, 0.03340973986214138);
        fidelity_graph->insert_cx_error_rate(16, 26, 0.009944764080430685);
        fidelity_graph->insert_cx_error_rate(17, 30, 0.01088939646902945);
        fidelity_graph->insert_cx_error_rate(17, 12, 0.028912613316130098);
        fidelity_graph->insert_cx_error_rate(18, 19, 0.011004699513129435);
        fidelity_graph->insert_cx_error_rate(18, 14, 0.0065567212982554635);
        fidelity_graph->insert_cx_error_rate(19, 18, 0.011004699513129435);
        fidelity_graph->insert_cx_error_rate(19, 20, 0.006467532802564263);
        fidelity_graph->insert_cx_error_rate(20, 33, 0.028627411432771033);
        fidelity_graph->insert_cx_error_rate(20, 19, 0.006467532802564263);
        fidelity_graph->insert_cx_error_rate(20, 21, 0.013959395914512923);
        fidelity_graph->insert_cx_error_rate(21, 22, 0.013389493153568077);
        fidelity_graph->insert_cx_error_rate(21, 20, 0.013959395914512923);
        fidelity_graph->insert_cx_error_rate(22, 15, 0.019138955087888793);
        fidelity_graph->insert_cx_error_rate(22, 21, 0.013389493153568077);
        fidelity_graph->insert_cx_error_rate(22, 23, 0.009312625729351237);
        fidelity_graph->insert_cx_error_rate(23, 22, 0.009312625729351237);
        fidelity_graph->insert_cx_error_rate(23, 24, 0.012288158126587984);
        fidelity_graph->insert_cx_error_rate(24, 34, 0.012930800979357893);
        fidelity_graph->insert_cx_error_rate(24, 23, 0.012288158126587984);
        fidelity_graph->insert_cx_error_rate(24, 25, 0.010751379685120632);
        fidelity_graph->insert_cx_error_rate(25, 26, 0.012489403142849215);
        fidelity_graph->insert_cx_error_rate(25, 24, 0.010751379685120632);
        fidelity_graph->insert_cx_error_rate(26, 25, 0.012489403142849215);
        fidelity_graph->insert_cx_error_rate(26, 27, 0.010548297562974651);
        fidelity_graph->insert_cx_error_rate(26, 16, 0.009944764080430685);
        fidelity_graph->insert_cx_error_rate(27, 28, 0.03375209111001301);
        fidelity_graph->insert_cx_error_rate(27, 26, 0.010548297562974651);
        fidelity_graph->insert_cx_error_rate(28, 35, 0.02581203135924165);
        fidelity_graph->insert_cx_error_rate(28, 27, 0.03375209111001301);
        fidelity_graph->insert_cx_error_rate(28, 29, 0.007161176044966022);
        fidelity_graph->insert_cx_error_rate(29, 30, 0.012123475388186311);
        fidelity_graph->insert_cx_error_rate(29, 28, 0.007161176044966022);
        fidelity_graph->insert_cx_error_rate(30, 31, 0.009558619729363588);
        fidelity_graph->insert_cx_error_rate(30, 29, 0.012123475388186311);
        fidelity_graph->insert_cx_error_rate(30, 17, 0.01088939646902945);
        fidelity_graph->insert_cx_error_rate(31, 30, 0.009558619729363588);
        fidelity_graph->insert_cx_error_rate(31, 32, 0.006471358349296269);
        fidelity_graph->insert_cx_error_rate(32, 36, 0.007571964709104179);
        fidelity_graph->insert_cx_error_rate(32, 31, 0.006471358349296269);
        fidelity_graph->insert_cx_error_rate(33, 39, 0.010238731727695738);
        fidelity_graph->insert_cx_error_rate(33, 20, 0.028627411432771033);
        fidelity_graph->insert_cx_error_rate(34, 43, 0.008004218805403251);
        fidelity_graph->insert_cx_error_rate(34, 24, 0.012930800979357893);
        fidelity_graph->insert_cx_error_rate(35, 28, 0.02581203135924165);
        fidelity_graph->insert_cx_error_rate(35, 47, 0.008562121917559978);
        fidelity_graph->insert_cx_error_rate(36, 32, 0.007571964709104179);
        fidelity_graph->insert_cx_error_rate(36, 51, 0.008514216642086403);
        fidelity_graph->insert_cx_error_rate(37, 52, 0.019936854220324374);
        fidelity_graph->insert_cx_error_rate(37, 38, 0.012213892258700398);
        fidelity_graph->insert_cx_error_rate(38, 39, 0.00841690923803981);
        fidelity_graph->insert_cx_error_rate(38, 37, 0.012213892258700398);
        fidelity_graph->insert_cx_error_rate(39, 33, 0.010238731727695738);
        fidelity_graph->insert_cx_error_rate(39, 40, 0.01543856859071377);
        fidelity_graph->insert_cx_error_rate(39, 38, 0.00841690923803981);
        fidelity_graph->insert_cx_error_rate(40, 39, 0.01543856859071377);
        fidelity_graph->insert_cx_error_rate(40, 41, 0.00985592950269168);
        fidelity_graph->insert_cx_error_rate(41, 42, 0.011434916880537244);
        fidelity_graph->insert_cx_error_rate(41, 53, 0.01846407783739376);
        fidelity_graph->insert_cx_error_rate(41, 40, 0.00985592950269168);
        fidelity_graph->insert_cx_error_rate(42, 41, 0.011434916880537244);
        fidelity_graph->insert_cx_error_rate(42, 43, 0.009094139473808438);
        fidelity_graph->insert_cx_error_rate(43, 34, 0.008004218805403251);
        fidelity_graph->insert_cx_error_rate(43, 44, 0.009240178360632928);
        fidelity_graph->insert_cx_error_rate(43, 42, 0.009094139473808438);
        fidelity_graph->insert_cx_error_rate(44, 45, 0.013691616935958245);
        fidelity_graph->insert_cx_error_rate(44, 43, 0.009240178360632928);
        fidelity_graph->insert_cx_error_rate(45, 54, 0.045005598283211684);
        fidelity_graph->insert_cx_error_rate(45, 44, 0.013691616935958245);
        fidelity_graph->insert_cx_error_rate(45, 46, 0.010980779717959716);
        fidelity_graph->insert_cx_error_rate(46, 47, 0.02322250919886651);
        fidelity_graph->insert_cx_error_rate(46, 45, 0.010980779717959716);
        fidelity_graph->insert_cx_error_rate(47, 35, 0.008562121917559978);
        fidelity_graph->insert_cx_error_rate(47, 46, 0.02322250919886651);
        fidelity_graph->insert_cx_error_rate(47, 48, 0.010754474879621362);
        fidelity_graph->insert_cx_error_rate(48, 49, 0.01524171497576407);
        fidelity_graph->insert_cx_error_rate(48, 47, 0.010754474879621362);
        fidelity_graph->insert_cx_error_rate(49, 50, 0.009347690294336686);
        fidelity_graph->insert_cx_error_rate(49, 48, 0.01524171497576407);
        fidelity_graph->insert_cx_error_rate(49, 55, 0.013035650947636174);
        fidelity_graph->insert_cx_error_rate(50, 51, 0.01957591439546949);
        fidelity_graph->insert_cx_error_rate(50, 49, 0.009347690294336686);
        fidelity_graph->insert_cx_error_rate(51, 50, 0.01957591439546949);
        fidelity_graph->insert_cx_error_rate(51, 36, 0.008514216642086403);
        fidelity_graph->insert_cx_error_rate(52, 56, 0.03064610049032135);
        fidelity_graph->insert_cx_error_rate(52, 37, 0.019936854220324374);
        fidelity_graph->insert_cx_error_rate(53, 60, 0.04048528094614057);
        fidelity_graph->insert_cx_error_rate(53, 41, 0.01846407783739376);
        fidelity_graph->insert_cx_error_rate(54, 45, 0.045005598283211684);
        fidelity_graph->insert_cx_error_rate(54, 64, 0.009101922108674693);
        fidelity_graph->insert_cx_error_rate(55, 68, 0.016566114175719182);
        fidelity_graph->insert_cx_error_rate(55, 49, 0.013035650947636174);
        fidelity_graph->insert_cx_error_rate(56, 52, 0.03064610049032135);
        fidelity_graph->insert_cx_error_rate(56, 57, 0.010748004810560957);
        fidelity_graph->insert_cx_error_rate(57, 56, 0.010748004810560957);
        fidelity_graph->insert_cx_error_rate(57, 58, 0.008601417753724222);
        fidelity_graph->insert_cx_error_rate(58, 71, 0.0333898323405139);
        fidelity_graph->insert_cx_error_rate(58, 59, 0.008682078566503965);
        fidelity_graph->insert_cx_error_rate(58, 57, 0.008601417753724222);
        fidelity_graph->insert_cx_error_rate(59, 60, 0.03759138274914545);
        fidelity_graph->insert_cx_error_rate(59, 58, 0.008682078566503965);
        fidelity_graph->insert_cx_error_rate(60, 61, 0.05043733225931754);
        fidelity_graph->insert_cx_error_rate(60, 59, 0.03759138274914545);
        fidelity_graph->insert_cx_error_rate(60, 53, 0.04048528094614057);
        fidelity_graph->insert_cx_error_rate(61, 60, 0.05043733225931754);
        fidelity_graph->insert_cx_error_rate(61, 62, 0.007596955132936206);
        fidelity_graph->insert_cx_error_rate(62, 61, 0.007596955132936206);
        fidelity_graph->insert_cx_error_rate(62, 63, 0.006696962486173935);
        fidelity_graph->insert_cx_error_rate(62, 72, 0.009083562953708324);
        fidelity_graph->insert_cx_error_rate(63, 62, 0.006696962486173935);
        fidelity_graph->insert_cx_error_rate(63, 64, 0.007094479958240224);
        fidelity_graph->insert_cx_error_rate(64, 65, 0.011603702736395632);
        fidelity_graph->insert_cx_error_rate(64, 63, 0.007094479958240224);
        fidelity_graph->insert_cx_error_rate(64, 54, 0.009101922108674693);
        fidelity_graph->insert_cx_error_rate(65, 66, 0.01099986706254874);
        fidelity_graph->insert_cx_error_rate(65, 64, 0.011603702736395632);
        fidelity_graph->insert_cx_error_rate(66, 65, 0.01099986706254874);
        fidelity_graph->insert_cx_error_rate(66, 67, 0.0277664866726533);
        fidelity_graph->insert_cx_error_rate(66, 73, 0.04127322391515603);
        fidelity_graph->insert_cx_error_rate(67, 66, 0.0277664866726533);
        fidelity_graph->insert_cx_error_rate(67, 68, 0.009054203440746006);
        fidelity_graph->insert_cx_error_rate(68, 69, 0.007639928131252055);
        fidelity_graph->insert_cx_error_rate(68, 55, 0.016566114175719182);
        fidelity_graph->insert_cx_error_rate(68, 67, 0.009054203440746006);
        fidelity_graph->insert_cx_error_rate(69, 68, 0.007639928131252055);
        fidelity_graph->insert_cx_error_rate(69, 70, 0.00719776153858126);
        fidelity_graph->insert_cx_error_rate(70, 69, 0.00719776153858126);
        fidelity_graph->insert_cx_error_rate(70, 74, 0.01895082441109555);
        fidelity_graph->insert_cx_error_rate(71, 58, 0.0333898323405139);
        fidelity_graph->insert_cx_error_rate(71, 77, 0.014753890685974852);
        fidelity_graph->insert_cx_error_rate(72, 81, 0.006543711015521758);
        fidelity_graph->insert_cx_error_rate(72, 62, 0.009083562953708324);
        fidelity_graph->insert_cx_error_rate(73, 85, 0.007867656002690515);
        fidelity_graph->insert_cx_error_rate(73, 66, 0.04127322391515603);
        fidelity_graph->insert_cx_error_rate(74, 89, 0.009195411381960894);
        fidelity_graph->insert_cx_error_rate(74, 70, 0.01895082441109555);
        fidelity_graph->insert_cx_error_rate(75, 90, 0.010352331370287432);
        fidelity_graph->insert_cx_error_rate(75, 76, 0.009706694139665184);
        fidelity_graph->insert_cx_error_rate(76, 77, 0.024358426724891635);
        fidelity_graph->insert_cx_error_rate(76, 75, 0.009706694139665184);
        fidelity_graph->insert_cx_error_rate(77, 71, 0.014753890685974852);
        fidelity_graph->insert_cx_error_rate(77, 76, 0.024358426724891635);
        fidelity_graph->insert_cx_error_rate(77, 78, 0.017781065537713275);
        fidelity_graph->insert_cx_error_rate(78, 79, 0.012136329561829612);
        fidelity_graph->insert_cx_error_rate(78, 77, 0.017781065537713275);
        fidelity_graph->insert_cx_error_rate(79, 78, 0.012136329561829612);
        fidelity_graph->insert_cx_error_rate(79, 91, 0.11145736104256737);
        fidelity_graph->insert_cx_error_rate(79, 80, 0.007748918191927356);
        fidelity_graph->insert_cx_error_rate(80, 81, 0.0075793350079205735);
        fidelity_graph->insert_cx_error_rate(80, 79, 0.007748918191927356);
        fidelity_graph->insert_cx_error_rate(81, 80, 0.0075793350079205735);
        fidelity_graph->insert_cx_error_rate(81, 82, 0.010736186048205365);
        fidelity_graph->insert_cx_error_rate(81, 72, 0.006543711015521758);
        fidelity_graph->insert_cx_error_rate(82, 81, 0.010736186048205365);
        fidelity_graph->insert_cx_error_rate(82, 83, 0.03820682254251695);
        fidelity_graph->insert_cx_error_rate(83, 84, 0.03737490075542019);
        fidelity_graph->insert_cx_error_rate(83, 92, 0.010327980566752631);
        fidelity_graph->insert_cx_error_rate(83, 82, 0.03820682254251695);
        fidelity_graph->insert_cx_error_rate(84, 83, 0.03737490075542019);
        fidelity_graph->insert_cx_error_rate(84, 85, 0.0057187233689096895);
        fidelity_graph->insert_cx_error_rate(85, 86, 0.048917837692158156);
        fidelity_graph->insert_cx_error_rate(85, 73, 0.007867656002690515);
        fidelity_graph->insert_cx_error_rate(85, 84, 0.0057187233689096895);
        fidelity_graph->insert_cx_error_rate(86, 85, 0.048917837692158156);
        fidelity_graph->insert_cx_error_rate(86, 87, 0.009900067218364395);
        fidelity_graph->insert_cx_error_rate(87, 93, 0.010215333892654332);
        fidelity_graph->insert_cx_error_rate(87, 86, 0.009900067218364395);
        fidelity_graph->insert_cx_error_rate(87, 88, 0.006788572804618337);
        fidelity_graph->insert_cx_error_rate(88, 89, 0.011240480292464772);
        fidelity_graph->insert_cx_error_rate(88, 87, 0.006788572804618337);
        fidelity_graph->insert_cx_error_rate(89, 88, 0.011240480292464772);
        fidelity_graph->insert_cx_error_rate(89, 74, 0.009195411381960894);
        fidelity_graph->insert_cx_error_rate(90, 94, 0.011163303882173653);
        fidelity_graph->insert_cx_error_rate(90, 75, 0.010352331370287432);
        fidelity_graph->insert_cx_error_rate(91, 98, 0.09344866028387726);
        fidelity_graph->insert_cx_error_rate(91, 79, 0.11145736104256737);
        fidelity_graph->insert_cx_error_rate(92, 83, 0.010327980566752631);
        fidelity_graph->insert_cx_error_rate(92, 102, 0.010377415577513788);
        fidelity_graph->insert_cx_error_rate(93, 106, 0.00867040928287871);
        fidelity_graph->insert_cx_error_rate(93, 87, 0.010215333892654332);
        fidelity_graph->insert_cx_error_rate(94, 90, 0.011163303882173653);
        fidelity_graph->insert_cx_error_rate(94, 95, 0.008900776755484952);
        fidelity_graph->insert_cx_error_rate(95, 96, 0.011111672988725674);
        fidelity_graph->insert_cx_error_rate(95, 94, 0.008900776755484952);
        fidelity_graph->insert_cx_error_rate(96, 95, 0.011111672988725674);
        fidelity_graph->insert_cx_error_rate(96, 97, 0.008330557171411512);
        fidelity_graph->insert_cx_error_rate(96, 109, 0.01927287976); // replace with avg
        fidelity_graph->insert_cx_error_rate(97, 96, 0.008330557171411512);
        fidelity_graph->insert_cx_error_rate(97, 98, 0.021074826483175768);
        fidelity_graph->insert_cx_error_rate(98, 91, 0.09344866028387726);
        fidelity_graph->insert_cx_error_rate(98, 99, 0.021464439595628493);
        fidelity_graph->insert_cx_error_rate(98, 97, 0.021074826483175768);
        fidelity_graph->insert_cx_error_rate(99, 98, 0.021464439595628493);
        fidelity_graph->insert_cx_error_rate(99, 100, 0.03491741504829973);
        fidelity_graph->insert_cx_error_rate(100, 110, 0.015599477310015986);
        fidelity_graph->insert_cx_error_rate(100, 101, 0.006624656340249224);
        fidelity_graph->insert_cx_error_rate(100, 99, 0.03491741504829973);
        fidelity_graph->insert_cx_error_rate(101, 102, 0.006600202661334653);
        fidelity_graph->insert_cx_error_rate(101, 100, 0.006624656340249224);
        fidelity_graph->insert_cx_error_rate(102, 101, 0.006600202661334653);
        fidelity_graph->insert_cx_error_rate(102, 92, 0.010377415577513788);
        fidelity_graph->insert_cx_error_rate(102, 103, 0.017066301787831917);
        fidelity_graph->insert_cx_error_rate(103, 102, 0.017066301787831917);
        fidelity_graph->insert_cx_error_rate(103, 104, 0.01927287976); // replace with avg
        fidelity_graph->insert_cx_error_rate(104, 105, 0.021349674462867507);
        fidelity_graph->insert_cx_error_rate(104, 111, 0.00982687247338282);
        fidelity_graph->insert_cx_error_rate(104, 103, 0.01927287976); // replace with avg
        fidelity_graph->insert_cx_error_rate(105, 106, 0.009948593460801514);
        fidelity_graph->insert_cx_error_rate(105, 104, 0.021349674462867507);
        fidelity_graph->insert_cx_error_rate(106, 105, 0.009948593460801514);
        fidelity_graph->insert_cx_error_rate(106, 93, 0.00867040928287871);
        fidelity_graph->insert_cx_error_rate(106, 107, 0.016064982958468393);
        fidelity_graph->insert_cx_error_rate(107, 108, 0.025355119017805294);
        fidelity_graph->insert_cx_error_rate(107, 106, 0.016064982958468393);
        fidelity_graph->insert_cx_error_rate(108, 112, 0.03649265009298322);
        fidelity_graph->insert_cx_error_rate(108, 107, 0.025355119017805294);
        fidelity_graph->insert_cx_error_rate(109, 114, 0.01927287976); // replace with avg
        fidelity_graph->insert_cx_error_rate(109, 96, 0.01927287976); // replace with avg
        fidelity_graph->insert_cx_error_rate(110, 100, 0.015599477310015986);
        fidelity_graph->insert_cx_error_rate(110, 118, 0.00968526418329671);
        fidelity_graph->insert_cx_error_rate(111, 122, 0.012174606735887938);
        fidelity_graph->insert_cx_error_rate(111, 104, 0.00982687247338282);
        fidelity_graph->insert_cx_error_rate(112, 108, 0.03649265009298322);
        fidelity_graph->insert_cx_error_rate(112, 126, 0.015533092924799125);
        fidelity_graph->insert_cx_error_rate(113, 114, 0.08311777634459291);
        fidelity_graph->insert_cx_error_rate(114, 113, 0.08311777634459291);
        fidelity_graph->insert_cx_error_rate(114, 115, 0.08656543424950242);
        fidelity_graph->insert_cx_error_rate(114, 109, 0.01927287976); // replace with avg
        fidelity_graph->insert_cx_error_rate(115, 116, 0.017942818721116083);
        fidelity_graph->insert_cx_error_rate(115, 114, 0.08656543424950242);
        fidelity_graph->insert_cx_error_rate(116, 115, 0.017942818721116083);
        fidelity_graph->insert_cx_error_rate(116, 117, 0.011092356668749442);
        fidelity_graph->insert_cx_error_rate(117, 118, 0.009709839912746737);
        fidelity_graph->insert_cx_error_rate(117, 116, 0.011092356668749442);
        fidelity_graph->insert_cx_error_rate(118, 117, 0.009709839912746737);
        fidelity_graph->insert_cx_error_rate(118, 119, 0.010871446668771212);
        fidelity_graph->insert_cx_error_rate(118, 110, 0.00968526418329671);
        fidelity_graph->insert_cx_error_rate(119, 120, 0.016189657487130665);
        fidelity_graph->insert_cx_error_rate(119, 118, 0.010871446668771212);
        fidelity_graph->insert_cx_error_rate(120, 121, 0.008577704085148408);
        fidelity_graph->insert_cx_error_rate(120, 119, 0.016189657487130665);
        fidelity_graph->insert_cx_error_rate(121, 120, 0.008577704085148408);
        fidelity_graph->insert_cx_error_rate(121, 122, 0.01590227116586959);
        fidelity_graph->insert_cx_error_rate(122, 111, 0.012174606735887938);
        fidelity_graph->insert_cx_error_rate(122, 123, 0.08153090012086986);
        fidelity_graph->insert_cx_error_rate(122, 121, 0.01590227116586959);
        fidelity_graph->insert_cx_error_rate(123, 124, 0.08214227754802292);
        fidelity_graph->insert_cx_error_rate(123, 122, 0.08153090012086986);
        fidelity_graph->insert_cx_error_rate(124, 125, 0.014599055673119199);
        fidelity_graph->insert_cx_error_rate(124, 123, 0.08214227754802292);
        fidelity_graph->insert_cx_error_rate(125, 124, 0.014599055673119199);
        fidelity_graph->insert_cx_error_rate(125, 126, 0.008490855273640324);
        fidelity_graph->insert_cx_error_rate(126, 112, 0.015533092924799125);
        fidelity_graph->insert_cx_error_rate(126, 125, 0.008490855273640324);
        return fidelity_graph;
    }


}